6 6048000
8 8
6 640
8 8
4 483840
1 1
9 90
6 6
1 1
1 1
1 10
4 453600
4 453600
5 5
6 6
9 90
1 15
5 5
1 1
7 7
7 70
2 2940
8 882
8 882
2 2083725
4 441
4 441
1 140
7 7
2 21
2 21
1 10001880
3 33339600
6 63
2 28
2 2940
7 70
3 30
5 50
1 1296000
4 432000
2 250
5 5
3 3000
3 3000
3 3000
6 648000
5 5
5 5
2 20
5 5
5 5
5 50
5 5
5 5
4 45
2 20
1 170100
3 30
3 30
3 30
2 20
2 225
5 5
5 5
3 35
5 5
4 45
1 135
4 4860
1 10
8 800
5 5
2 20
2 200
4 44800
2 20
2 24
5 5400
2 24
4 48
1 18
6 6
1 16200
9 9
7 72
8 81
3 36
8 81
2 27
9 9
1 1
6 60
6 6
8 8
5 512
6 6
8 8
1 10
4 42
4 42
8 8064000
5 56
5 56
7 7
6 63
5 56
3 35
2 27216000
6 63
1 1260
6 63
4 49
1 19845000
7 70
3 35
7 70
3 35
5 56
7 7
3 35
5 56
3 35
4 4200
7 7
8 840
7 70
7 7
7 70
3 3780
6 63
7 70
6 63
2 28
2 210
7 70
2 210
2 210
4 49
7 70
7 70
7 7350
7 7
6 63
8 84
1 1134
2 27
8 81
2 27
9 945
8 81
1 1134
4 45
1 1620
9 90
5 54
1 135
2 27
1 135
4 45
9 9
4 45
9 9
7 72
6 63504000
4 441
3 36
7 72
7 720
2 28800
4 432
6 62208000
4 432
7 720
1 18662400
2 27
7 72
2 27
2 2700
5 54
9 9
4 4
2 2160
1 160
2 2160
2 24
4 4
8 8
4 4
4 4
2 2160
2 24
1 160
4 4
4 4
4 4
9 960
4 4
1 12
2 288
2 2304000
2 288
9 960
4 4
4 4
1 1728
1 12
4 4
4 4
2 20
6 6480
4 4
2 240
1 16
2 201600
9 907200
2 240
4 40
4 4
5 56448000
2 20
4 4800
4 4
1 12
2 20
2 20
2 25401600
2 25401600
8 896
2 2240
1 10
5 50803200
4 40
1 120
7 70
2 2100
2 2100
6 60
7 70
5 56
5 56
2 28224000
2 2880
4 48
3 32
8 8
1 1024
2 2240
5 512
6 64
7 70
8 80
6 60
5 5600
1 10
7 70
1 10
1 10
1 10
7 70
7 70
8 8
8 8
6 6
3 3
7 7
8 8
2 2257920
3 392
4 448
8 8
5 5488000
7 7
1 1
4 448
1 112
2 2
8 8
2 2
3 336
5 5186160
1 1
3 336
3 392
6 6
6 6
1 1
3 3
1 168
1 168
9 9
1 1176
3 3
2 21
9 9335088
3 3
4 45
4 45
2 21
4 45
2 21
2 27
1 1852200
1 1852200
7 7
3 35
4 420
8 896
3 35
1 105
6 63
5 56
4 49
1 105
5 5
3 35
4 40
4 480
4 40
1 10160640
1 10160640
4 40
1 10160640
3 30
4 40
4 40
1 1920
9 960
3 30
4 45
4 40
5 5
5 5
5 5
2 2
1 16
1 10
1 14
2 2
1 10
2 2
2 2
4 4
2 2
8 80
4 4
1 10
9 960
1 1075200
1 1075200
2 288
4 45
9 9
4 45
4 45
9 9
4 45
4 45
2 288
9 9
7 72
9 9
7 725760
2 27
2 27
3 3048192
4 4536
4 4536
2 27
8 80
1 10
6 60
8 80
3 30
3 30
3 311040
3 311040
6 60
1 180
4 4
1 180
4 4
4 4
1 14
2 2
2 290304
2 290304
5 54
3 30
5 54
6 6
2 2
1 10
1 10
2 2
9 96
5 576
9 96
1 12
4 48
1 1008000
1 10
1 14
6 604800
2 2
8 8
1 14
1 14
3 336
2 2
2 2
8 8
8 8
2 2
2 2
2 2
1 181440
2 2
8 8
2 2
6 6
1 181440
1 120960
4 4
1 14
8 8
3 336
2 201600
1 14
5 560
8 8
2 20
5 540
8 8
5 560
2 2419200
2 2419200
8 8
6 6
2 20
2 2
5 5
7 7000
1 1350
1 10
1 14
1 14
3 315
7 7
6 630
4 42
1 14
2 21
1 189
6 63
6 63
7 70
1 1701
9 9
3 30
2 2916000
3 3
3 3
1 1458
8 81
3 3
2 27
2 270
3 30
1 11664000
3 30
9 9
9 9720
3 3
2 21
9 9
9 9
9 9
9 90
9 9
3 3
1 1200
3 300
1 1200
1 19683000
2 27
8 8100
2 270
3 30
3 3
5 524880
6 6
1 10
1 10
1 150
3 30
3 30
1 10
3 30
2 226800
3 30
5 5
5 5
1 15
1 10
1 15
3 37800
1 10
1 10
5 5
1 10
1 10
5 5
5 5
1 10
1 10
1 150
1 15
5 5
